as.list(1,2,3)
l1<-list(1,3,4)
l1
l1 [2]
l1[3]

as.list(1,2,3,4,5,6,7,8,9)
l1<-list(1,2,3,4,5,6,7,8,9)
l1
l1[7]

